236048870
234892122
234790501
235022549
234959813
235029015
233956212
234956336
236063459
235214566
234842485
235294642
236418999
234809902
235062554
233997822
235600358
235462540
234215581
235892990
235228311
234958967
236305395
234476189
235235471
234868026
235335175
235254436
235810004
234956014
235778896
236499432
236183612
235399420
235959682
235322262
235294775
234506841
236099036
235010291
234336338
235145790
234852333
235457889
234093480
233733350
236324697
234933311
234790679
234312567
234878464
234398954
234418007
235294139
235834536
234529801
235143073
236019838
236217790
235386956
235884784
234664841
235135726
235519084
234681709
233997754
235884854
235600690
234480541
234679058
235178279
234409414
234002305
235182384
235274417
235775416
235294228
235142692
235692218
235944402
236268208
235004441
234353389
234839182
236069941
235477058
233917255
235692224
236401216
235048420
235242948
234431957
233793678
235922082
236139791
235292817
235702338
234971737
235300795
233691790
235083474
234966762
235597494
235566417
235091454
235581626
235374908
234979090
236422134
236118155
234566836
235436484
235802557
235436574
235177991
235270393
235692209
236151793
236064222
234942827
235062428
234530305
234196787
235295031
235671180
234868005
233725090
235042243
235309862
234562138
235785280
235433607
235671246
236511286
234928434
234353405
235141616
236044817
235428056
234661743
235062412
236360501
235125141
234722865
236330538
236511561
235979233
234319746
236467817
236516067
234217492
234923622
236140876
235814558
235365320
234550815
235164648
235056538
235063373
235838015
235219639
235365485
235518160
235469795
235568534
234812080
235062692
235803524
234955889
235927393
234355009
235224734
235300069
236043105
235815000
236476376
236154030
234665209
235134409
234874600
234955979
234338950
234355064
235433599
234536794
233881595
236145767
234857130
236168548
234903010
235059523
234926255
234634387
234839131
234484789
235570997
234002298
235800394
233865791
235376089
235803086
235004364
235452961
235180491
235246701
235090745
235294144
236179022
234563290
234242427
235802623
234808308
234001556
234803884
234844071
235064617
235333150
234263808
234938807
236425451
235732905
236361697
235434134
234709039
236107764
233997381
234001600
234889236
234459685
235954970
235090533
235600419
235460205
235189961
235868031
235225962
236289293
234820830
234066808
235028945
236482505
234436000
234526313
234955579
235138996
234717851
235294791
235295341
235095693
235062376
234843306
235203562
236400649
234509155
235219694
234717864
235801415
235181329
235059416
234942772
234974886
234844353
235297982
235110421
235063379
236328654
234263312
234550116
235543742
236379638
234563928
236295216
234529784
234942624
234643020
234398902
235692105
235436854
236429518
235164640
236509468
234305121
234498050
234404683
236361021
236423933
235175047
234956783
234598491
236421906
235137673
234649329
236296337
235259519
235953553
235537621
236360940
235294568
236083395
236219384
234475826
233945421
236271393
235848857
234785452
233890560
234940128
234652483
235488674
235534060
234507411
236533081
235209150
234956464
234933137
234001558
234077423
236379617
236433237
234649741
234684178
235815456
235436810
235062669
234847979
233911833
236435701
233984815
235216854
235493946
234672221
235864476
235393056
236512335
234956107
233980588
234154370
234874645
234858656
234272836
235548446
234735853
234914984
236339671
234651888
234765769
234507083
235186658
234759072
235158094
236168521
233602230
235799693
234879895
235574251
233956304
234956087
233628012
233984945
234955996
234941964
234938820
234507052
235324919
235681975
236095783
236168402
235214509
235692252
234327421
234001565
234891388
235630626
234372333
235550099
235433633
234824449
236040782
234834148
235176160
234596837
234956057
234868017
234919756
234747295
235029641
235959677
236225859
234507498
234973034
234568221
234129613
234955894
235655656
235485280
235268622
235436399
235175110
236301231
234975058
234832799
235516661
234032873
234542458
235600460
234956101
235118972
233705869
235220611
235557624
234831517
235953476
235149200
236036232
235155730
234128605
236399519
236400417
236303517
235204078
234868351
235209895
236019354
234874711
234753239
234956797
234279018
235460049
234699672
234763156
235309809
234955566
235095738
235207686
235552213
234596098
234874630
235386577
235588679
236060628
234391956
235799919
234956111
235171871
236360614
236459705
234550183
235090674
234355367
234506918
234991559
235455577
234245697
234506944
235235762
236511337
235221126
235446351
233781060
233886168
234965042
235294622
235549191
236041457
234509134
234363198
234852032
235611517
233912469
234873952
235162494
234481992
234583663
234843236
235462505
235159734
234001587
235398870
235059186
235384172
234874563
234912166
235295106
234773729
236083422
234956455
234890291
236289662
235164720
234993159
234956322
234263304
235192411
235778927
233772640
236281491
235309911
235057681
236495804
235159554
235785315
234664065
235001859
234232555
235601023
236518285
234110596
234335717
234928621
235164155
235538046
236528263
234956257
233997774
236303571
235117916
234956104
236045460
234634365
235982058
234507171
235294556
236095790
235613626
234248718
235110999
234955038
234868291
235873987
236207556
234507571
235268588
234933081
235218471
235867098
234874052
234889267
234920428
235082790
236232619
234956820
236499468
234001584
234956796
235815162
235436714
234869831
234801076
236235294
235294580
235178006
235837994
233993716
235196811
235388805
234653137
236414993
234431887
236499579
234188842
236370975
234129623
234045490
236202034
235674696
235024614
235192415
235839904
234980966
234568167
234247081
235162880
236400653
235029555
234515509
235062329
234001580
234956254
236154015
234680372
235201121
234697795
233880034
235292812
233890638
234870215
235570148
234852046
235219704
234809963
235300033
235271511
236213972
235164166
235215249
235246823
235600705
235023365
235636790
235223070
235132784
234759162
235365313
236318916
236040790
234506222
236139821
234852297
236019385
235059033
233823777
235555331
234038028
234394214
235014696
235203604
235029021
235953136
233757160
235285284
236330292
235870932
234956026
233956296
235905290
234868158
233890651
235436039
234260013
235164671
236407408
234747311
234869473
235214501
234653146
235436344
234025159
235164699
236305230
233809066
234849505
235029631
235484908
235655412
234839166
235063355
236399693
236138276
235436194
234794863
235261516
233997716
235432434
233731658
235226725
235629264
236017514
236203913
235271262
236450611
236162672
235436876
235463778
236095784
233817959
235929272
235120740
235834798
236140885
236414947
234507092
235010302
234793590
234515585
235732951
235597491
235452147
234577418
235451306
235465227
234842426
236095733
233997687
234040574
234933314
234676318
234571912
235558710
235048719
235971781
234956000
236043155
235107629
235257408
233956339
235268548
234956065
234864398
236151698
235090717
234955026
235090657
235095711
234681688
235493942
234506832
235802510
236501083
234355019
234506948
235070135
236360603
234515444
235295481
235252891
236057744
233855448
234889308
235164651
236202131
234568241
234971224
235600571
236370977
234507014
234353250
235500511
234886918
233883638
235818317
234184570
234746941
234353302
235294878
235815331
234320698
235376965
233973981
235003541
235286829
235003560
235925954
234889642
235309838
235621273
235601164
234844251
236177956
234500443
234705652
236076702
234874777
235345871
235131687
234507248
234612019
236168457
235424623
234889404
234971782
235173124
235769795
236526751
236450133
235814562
234772086
236162717
234869855
235309797
233656881
235436674
234509107
235581578
236069974
236140851
234974915
235428075
235135654
236440798
234506815
236154027
234889252
234354996
235778887
236157849
235663356
234577849
235436738
235219685
235208940
234146244
233774277
236193043
235661036
236360546
236361068
235059167
235692236
235214526
235436956
235155767
235552247
234381525
234507429
235436497
234515522
235859983
234675614
234777763
235600561
236360953
235029005
233880451
234459694
235417136
235407095
234732357
235671222
235958470
236511367
233758285
234956816
235461951
235861225
236183590
233997677
234564731
235072473
234507380
234836505
235874733
236510902
235436865
234925583
234844157
235478326
235542629
234491129
234889089
234370274
234825069
234498140
235346216
235091920
234790468
235075205
234713495
235157304
234390383
235157351
235331598
235106237
235164542
236040832
235424642
235436109
233897924
235542917
235095728
235256668
235297967
234506894
233589501
235046759
236315202
233997778
235280088
235600397
234580012
235992577
234874700
235365297
235365329
235294594
236429579
236479832
234545710
236360971
235228221
235552157
235215282
234956302
236027018
234629969
234982298
235142614
236361088
236051944
235329208
235802429
235428049
234681694
234506230
234740070
236509439
236246914
235236153
236188686
235911851
234530425
235436977
234581155
236425395
234940270
234106859
236472292
235121317
233920837
235297882
236281999
236432142
235090611
234868242
235921444
235519108
234889242
236168979
235603790
233997348
236539902
234974926
234657062
233911457
234338093
234669150
234772170
235957696
235615331
235143063
233912561
234983196
235828224
235141851
236412741
236394547
235384306
235062441
235407711
235371508
234839108
235398610
236308545
235460276
235436726
235862815
235995111
235200403
235860053
236263746
235214104
236019364
236169103
235214353
234321556
235231552
234472987
234790529
233950511
235666616
234634354
235211872
235804116
236183577
236370972
234277376
234658086
235086159
235089255
234515529
236079752
234991598
234955626
234862355
234823772
235059514
233997044
234811790
235024334
235800252
236156324
234868232
235295224
234825130
236360520
234935988
235543863
234140865
235407363
235666572
234237662
234889014
235064683
235294869
236268627
235838055
235971715
234581185
234933299
235105773
234869878
235815317
235371013
235143068
234935971
234542047
234219116
236381888
236168241
234507357
235436079
233911526
235062532
235371516
233867041
236142700
235365268
233627283
235131706
235090706
234852249
235184598
236191672
234909960
235384319
234956801
235114087
235585945
234956299
235118914
235664867
235922064
234889290
235090607
236141140
236379646
235406711
234739752
235210882
234772122
233730041
235117761
235023373
236202184
234564683
235485209
234896879
234642603
234418051
235431588
233851243
235141613
234829356
235271598
236238902
234581214
234854591
235437075
234889588
234811570
235838128
236083610
234550569
235204538
234279000
234336745
235214605
235441858
235322247
236467839
234925501
235578071
236528224
234544945
233911634
235218689
235038424
234960852
236445453
236238781
236304404
234889555
234856323
234541957
234851990
235076544
235799926
234645833
236399700
236372991
234911905
234726889
235398852
233997726
236171330
235074746
234509058
235905602
235971675
235158273
235365285
235799130
236169014
235235259
235159483
235062647
235098922
233911437
236511304
234456013
234843316
234204178
235143055
234725389
234956075
235591851
235024369
235155362
235141601
234431094
235295140
236232013
234842395
234649303
234955983
235294100
234046886
235757387
234506957
236162732
234846812
234029584
234955570
234722856
235837986
236496548
235136396
234154808
236044017
235155956
234685376
235709897
234539269
235190132
234921444
234611470
235589566
236387273
234559074
234275254
235595834
235203656
235062402
234652761
234696156
234879366
235059608
236349003
236123991
233997634
235592395
236145795
235502362
235065315
234423898
236422228
234889228
235388798
234134823
235488500
235155405
234955449
235519379
236142890
236140822
236169063
236140961
233911487
235580176
233956065
235135693
236194480
235254931
233769573
234790538
234737349
235214397
235162378
233911707
236360628
236339603
234586332
234288072
235804086
235558704
234956332
234831039
234874727
233720151
234981606
235606040
235164707
234507470
235141718
233645084
235558717
235118102
235926208
234690963
235365277
235261631
236070748
234326004
235237881
234790524
234868082
234342875
234248618
234579974
236544561
234643354
234246176
235519116
235098772
233606168
235061684
234601972
236496581
236496067
235262450
234105161
236303599
234498734
236480855
234032771
235818342
234965070
234852759
234514977
236226852
234956048
235064699
235818293
236323852
235406479
235086021
236238703
234311980
235420998
236140867
234520901
235497909
235497671
236168304
235692098
235233281
233847940
236399705
235690227
236421886
234836986
235117894
234665196
235879939
234857876
235671140
235475381
233997042
236515779
234352805
236048372
234157309
234920432
236177684
234713511
234777176
235743878
233911471
235436800
236217903
236154714
234649712
234089654
234324073
235549398
235307747
236168606
235105751
235817912
235542522
234828162
234640375
234383416
235142491
234852536
236476347
234634372
234928479
234661706
235173288
236360556
236511553
235230247
235336827
236202526
235168231
234665214
235452971
235817263
235219674
236361620
235219552
234268715
236512324
236168539
234844236
235017792
236502503
235189982
236048855
235057626
235059018
235142922
235086036
234956098
234611484
234849851
235047089
233663789
235430691
233774373
236081977
235671199
235519098
235251533
235979535
235446609
236429217
236484995
234955469
235117840
235293100
235274311
234510421
235313861
235984776
233970003
234372352
234002119
235376101
236162653
234889620
234888991
236168223
236019433
233802404
234791329
236018348
235152486
234198243
235834827
234222410
235321174
234869902
236330155
234022343
236168743
234606972
235310369
234305111
236219157
235600433
234888941
236360867
235295184
234835723
234700542
235059158
233798235
235004415
234984223
236202059
234818260
235186648
234131435
236360816
236400642
234955545
235197977
235413933
234959829
236169032
235740468
235294151
235327191
236124000
234648502
236140901
233818301
234747289
236088593
234999606
235255701
235207692
234324096
235223778
234652533
235333299
234545036
234440708
235307709
234802411
235436828
234544937
234762364
234745192
235551986
234578000
235436187
235972347
235237892
235029793
235630812
235467623
234159357
234222692
234210941
234173450
236183672
234808311
236289481
236143749
235013722
234890635
235886831
234507270
234956445
235436891
236264405
235365322
235338220
233802980
236043097
235215315
234775493
236084796
236330179
235313871
235925941
233986669
235957604
235159260
234601956
234237651
234975348
235253868
235274422
235665871
235972131
236141101
236308538
235985792
235837974
235190262
235663346
234671799
235879952
234713518
235059620
236400353
235376077
234536826
234048616
235164310
233956347
234275243
234753359
234721662
234197437
236476364
234476122
235451334
234921422
236476329
234507446
233890610
235004471
235576490
235921549
234956625
234726655
235484972
235992571
234077428
235600467
233859110
234506216
234818267
234868074
235842317
236168249
235929519
236152271
235884922
235294561
235802588
235455573
235147564
234601929
236140972
235692133
234956426
235164289
234550697
234769327
236252867
235159514
235294786
235212295
234154433
235997260
236069891
236089865
234956122
234869840
236260708
235236149
235000144
234355053
234106746
234790474
236090735
234671570
234649695
235005302
235369569
236162729
233997642
233983423
234353362
235986341
235895202
235215275
234355386
233997121
236415007
236528247
234250345
234154461
234896355
235175061
234237800
234762358
234305726
234889041
235536419
234499639
236305489
236125788
233911745
235042250
235542585
236142852
235496974
234886500
234602035
234504089
234420014
234680278
235801336
234589130
235493912
235215918
235062313
234457636
235509035
234436374
234356247
235142646
234484553
234719492
234426790
235268780
234719142
234971762
234198204
236480863
235029209
234144251
235424265
234586520
234829377
234763964
236007859
234630445
235251459
234549258
235841603
236089857
235136471
234476686
235791272
236145831
236330135
235358853
235478320
234842383
236333977
236187179
235059598
236330111
235147609
236125791
233910636
235154285
236509456
235784958
235630792
234036350
235870043
235294541
235056092
235042410
236531669
235887419
235210907
235799896
236454735
234791344
235204546
236168184
233997056
234423815
235583819
236360989
234759142
233997245
235544155
235428039
235551987
235572779
235278471
235241480
235334246
235164216
234550059
235946073
234935085
234056917
234808299
233997751
235051803
234606436
236291210
236334908
235354185
235800110
234791339
235493938
236536064
235162896
235294123
234956070
236043943
234956433
235164298
235166415
235600580
235235265
234507519
234889648
235778812
235215272
234120503
236138266
234886935
234679036
236217820
235271793
234375253
236168441
234355035
235551939
235062726
234942569
235305569
236041495
234570919
235013013
234078524
234891376
235196804
236141059
235242779
236238120
236360897
234997264
236040774
233802878
234809923
235436843
235802601
236017415
235372591
234548094
235600717
235120441
234400343
235212565
234874115
235921667
234921802
236236563
234105547
236458614
235164636
235294582
235558698
235120358
234874614
234664922
235295036
234738467
234649729
235666524
235400177
234507418
235999413
236521270
234843258
235214423
235268275
235726872
235173101
234588702
235200388
234157244
235189957
235159534
236152298
235971818
236044188
234545083
236168645
236139741
236169099
235918751
235114971
236536244
235020083
236446863
235295220
236095788
235076421
234952463
234883072
235217309
235600698
234507153
234303794
234983280
235448445
234648187
234433884
234457434
235558694
236154019
236512308
234914978
234027866
236192512
235142424
235802457
235776409
235294609
234928403
234933323
235215286
234888973
234542522
235568550
235062707
234851492
236397606
235202150
235161156
235905297
235953596
235407395
235407196
235426192
236428666
233997670
234928427
235191878
235815299
236496085
235671159
234506884
236400369
235800384
235451330
234507323
234939461
235842326
236212383
235288838
234942114
234928716
234319129
235439100
236365183
235810091
234676374
235799975
235478310
236468101
235344231
236206219
234545071
234612007
236430936
235586030
235436166
235876788
236330405
234423880
234078559
236048865
234892562
236288680
236499660
234507047
235363195
234921148
235407101
235778795
235834384
235384312
235863447
235574634
233698559
236422235
235600660
234084649
236193053
235090313
234982227
233997664
234844173
236289296
236051982
235802003
234665302
234955454
235685693
234653660
235073262
233997735
235064626
235164143
236217760
235803679
235542425
235436310
236168957
234129647
235253875
235666647
235302324
234106849
234722889
234889059
234942661
234506257
235294853
236125782
236414973
236444855
234867267
234431865
235186696
235417050
235125122
236360886
234889278
233984935
235784945
235070646
233997745
236330425
235800124
234971749
236327653
236116871
234507558
234581123
235255884
235600606
235799146
234426903
234634378
234506983
236218092
235407657
234579949
236536121
235953486
234272848
235365290
235478332
235645346
235154527
235270314
235733614
234935879
236008149
234401834
234800462
234211583
234600548
234484611
235345168
235060002
236203001
235928459
235270364
236400630
234153285
235020087
234456032
236113401
233980347
235195652
